100
618095377122801500
950986467264760473
426428893449433528
917894418633477187
583504986069310540
100082760649631340
839119292337491375
921755422609710463
35184372088832
259441488871934374
976609677284704094
989137220925047797
427171428788557490
506849175734817786
10
973617522764772836
549524265504574236
935035393288189358
115613797279360297
905635676393875405
900834761128706227
721081910497319719
733954188519629550
113794461402795353
656796983772750922
624069820260756990
951298224561355738
95895640069372964
80818588170599949
951688633450529152
975497543638104576
189019879175983936
757889359844425898
70368744177664
618231636686168724
223523141406699622
138287827743864936
336366204002656412
233567768380131417
711323109651925004
47007795794685768
997353834976980925
940133689399979928
1
189120020643710772
910718411739340851
753905530454654221
682661087869278592
623179579030649553
802725540906622654
615325382565966310
998296569768054850
74046294857996887
2
17592186044416
308928246136327333
901844698018248619
782085663258090193
254765355015645922
39678795249554896
831263379373665944
3
743846038610322500
34359738368
98505709446080796
348720538101269134
4
707708149356190365
635984149674742316
773236430495605052
15305880514587464
882206802882975257
198542096725617857
47864698219079059
262144
319208797357306324
900794493305140786
927991231461757441
939356121994011050
91351089243741915
97933515380355633
985435734184265444
656336253489959308
92212074806142555
529722955661897044
572249763818087846
523550154192562222
609204249991692454
764185409229109516
998502713177078957
455753810519186625
410076582565083956
81633419813102494
426929968620691194
197523728612894875
986725032548931563
949014385769588716
494701030457994785
80275637711316533
275951013468208256
