100
93244
43038
73028
91403
93622
97814
10
84391
1
24889
99273
65337
84108
74254
22318
54965
77074
92927
36575
2
84785
96695
26197
65834
4162
94601
97915
21369
510
90037
90423
42951
67431
66945
23774
16384
17639
39593
95328
45663
10505
92178
42609
98356
2048
93759
73103
27045
52625
969
96178
11939
8376
70431
61060
75615
5025
69509
43566
39836
67061
97114
93845
97060
81691
82414
16
75577
92917
31593
74460
95439
1024
90308
3
3633
94646
7398
92651
95761
92190
99997
73049
92170
2
45337
93947
81211
88992
89400
96008
15215
46842
66216
14762
50411
2
30058
44095
81721
