100
70798
99261
14152
85925
99590
13801
64860
32826
92021
52041
98327
44051
97610
68748
94663
2247
50783
61772
26123
18105
14344
77496
99373
60051
43559
39131
88393
76801
97563
82579
12097
92471
92795
10
93120
96681
95150
47698
97824
1
81771
29279
67317
2
677
1215
91131
32129
27022
29056
61394
77727
95517
81942
25589
32768
96980
5018
95574
89051
79659
43392
22052
93231
16005
8
47433
29280
90314
2271
7941
1
10332
99521
90786
83891
128
94573
4
8192
99468
64852
92038
97517
3
91672
96765
94849
91665
91744
81891
74117
63104
24698
45918
85560
98130
89940
31989
69161
