6
50
490 590 89 93 230 238 240 652 309 377 458 657 204 394 264 442 55 471 325 515 186 482 228 381 338 445 60 122 449 926 197 459 246 654 270 439 228 300 390 602 342 549 57 472 389 514 462 677 315 647 469 498 483 910 422 913 367 732 231 704 393 690 17 19 187 452 258 711 381 509 251 390 56 340 451 799 338 594 116 243 473 584 334 516 351 383 6 385 2 57 446 855 272 276 471 482 250 352 69 309 
25
423
418
7
747
902
803
257
977
780
108
858
586
588
541
812
237
84
162
4
680
932
628
460
736
31

200
870 1159 1031 1205 457 1474 268 983 951 2199 163 598 22 961 44 868 512 713 917 1731 1028 1496 546 713 869 1169 626 1425 52 877 754 1692 296 357 1231 2343 83 822 782 1495 790 1082 1036 1844 101 612 1096 2300 635 905 1003 1135 225 245 614 1358 482 766 528 1272 33 367 25 1118 948 1262 191 870 1071 1723 722 1727 709 1671 1037 2159 348 1204 359 949 1074 1273 735 1359 155 997 162 1138 512 1409 1101 1807 1189 1346 112 594 109 1128 869 1124 707 801 730 1624 672 1493 320 1363 825 1787 445 719 67 316 1071 1530 1061 1144 497 690 1046 2219 10 124 312 434 1053 1692 484 1122 7 383 243 1334 137 1213 361 969 738 941 766 1511 1150 2164 859 942 691 795 51 63 875 1500 801 1480 1123 1235 527 1690 987 1421 219 790 330 1133 666 1877 1177 1755 1107 1515 652 683 890 2014 570 904 885 2044 939 1167 234 1393 1126 1860 75 78 25 911 840 1941 372 499 41 960 271 309 508 955 1236 1634 983 1032 930 1835 893 1760 170 244 92 187 1044 1732 948 1716 808 1642 771 1111 469 1442 399 486 712 862 1232 2119 745 1349 879 2005 68 1310 279 766 983 2135 1019 1458 325 390 619 813 706 1505 307 1169 1025 1112 242 409 849 1327 920 2063 356 399 396 598 398 551 919 1587 690 1756 777 1209 974 1837 1217 2398 993 1383 106 1241 803 1999 609 648 836 1393 25 1255 1176 1491 784 1174 826 1567 809 1383 705 901 340 1385 314 478 598 1147 969 1959 933 2006 130 1267 1238 2020 594 1121 420 699 965 1003 559 1669 1157 1309 825 1627 48 936 345 512 293 848 628 1186 1244 1463 980 1477 1031 1207 867 1160 140 349 878 2084 264 1496 1102 1119 352 634 513 1216 324 728 888 1623 438 1311 959 1133 456 749 528 1593 1061 1854 1042 1045 1071 2290 1191 1852 643 1141 419 551 878 1250 526 1272 22 681 107 492 286 1028 20 936 1218 1698 525 565 813 1128 372 926 477 1210 801 1172 179 581 375 683 196 417 
100
6
180
1034
163
2076
2178
177
1605
1420
2331
1566
1185
1624
1895
1633
174
992
636
1295
2234
1038
2
1022
863
219
1179
2498
2074
1955
2413
883
550
1043
2254
2093
635
2486
2083
2448
875
1049
1826
1506
443
2029
2269
230
2179
1595
1356
618
239
2042
706
365
1689
1605
749
1847
2236
1679
1992
1155
2216
1657
1517
2056
41
2375
1884
1707
1059
784
1827
277
79
681
2282
1957
2059
1429
834
1697
95
1858
997
734
1047
1890
217
1934
1975
1345
199
478
355
2096
1596
1581
1837

500
1 5000 5000 5000 412 1602 860 3272 125 897 1640 3897 13 1077 1630 2527 1537 1840 2305 2404 943 2487 1611 3881 971 1448 1262 3740 312 617 2450 3181 690 2245 305 2763 675 2609 1134 1494 2311 2946 2415 4597 677 3097 1337 1748 239 405 1746 2648 2377 4398 2303 3883 1607 1915 88 1998 290 358 761 2657 1949 4324 1667 2540 1389 3062 1697 2743 450 2321 2109 3731 1885 2902 1638 3102 556 815 2339 3836 1780 2112 1186 3444 1507 3657 1352 3643 1925 2467 1637 2563 721 1275 628 1621 674 808 2281 4551 2151 4380 1491 2035 2400 3241 2314 2498 763 1257 573 2657 900 2743 1288 3685 5 1297 521 2604 1458 1621 1653 2154 1421 1807 944 2674 250 2449 26 1990 1625 2657 1188 2709 1560 2322 2111 3370 1665 2621 1508 1670 1493 2549 1081 2800 580 2101 2320 3509 761 1550 750 1459 2057 3776 1275 2413 1160 2190 888 3348 756 2336 713 2013 1148 3597 2227 3228 1333 3253 2311 4058 911 979 1082 1112 1066 1943 1904 3139 422 1588 626 2208 1890 2817 1668 2970 2118 2867 1416 2158 1569 3706 1774 4216 2375 2973 2305 3340 951 2849 1675 3431 1425 2780 1729 2881 655 2228 218 2343 2493 3433 2107 3687 1055 2211 559 1792 735 931 829 1875 1920 2492 1271 3393 1679 2511 2261 3400 1572 2383 124 785 725 762 1004 3075 339 1906 1170 3374 134 1071 1407 3342 176 1146 1614 3002 1710 2019 1783 2319 2104 2392 59 1672 138 475 2368 2662 2383 4177 2017 3554 533 2362 618 1087 947 2000 1764 4068 977 2746 1928 2723 1126 2453 467 1465 1685 3635 1974 2210 709 2814 1807 3921 2325 3480 2272 2724 2185 3764 871 3031 2423 4247 2071 4211 2127 4482 811 1387 1442 2176 77 678 1089 1246 2459 4200 1250 3086 2334 2520 847 1186 526 1252 460 1887 1927 4160 821 1275 2393 4684 321 1575 952 2666 197 672 2360 2549 1660 1794 2434 4913 2363 2894 1289 2342 1738 2945 2419 2809 1295 3626 1438 1838 1439 3027 1451 2632 987 3135 2316 2454 2176 4351 1507 1736 1083 2406 1886 4360 1353 2223 1744 2786 474 1631 346 2273 1797 3980 1982 2102 793 1001 1656 1969 2282 3290 1350 3647 328 2676 1816 2840 1428 1435 2090 3102 2241 3563 1258 3050 367 2741 189 1391 722 1606 2254 2288 171 2446 1289 2669 1843 4165 31 1728 1565 3446 923 2070 1611 3961 1173 3171 265 738 1483 3681 74 387 1260 3586 1727 4205 963 3443 538 1669 1500 1755 692 924 1074 2616 1119 1613 985 1224 1288 1816 271 1155 157 684 1146 3105 799 3105 1512 2733 198 1573 1204 3413 1030 3103 357 2243 1230 1804 693 815 1384 2774 284 1371 921 2720 215 1326 1155 2232 696 2685 1973 2246 576 932 1470 3320 2216 3548 694 1394 1229 2565 1458 1774 443 688 1679 3288 1377 1543 447 748 19 736 2036 4145 744 1438 1937 3153 260 548 2255 4257 1826 2486 2185 2706 1011 3406 1241 3129 2303 3943 1296 2195 1333 2683 2236 2249 1587 2974 1276 1849 604 3037 1916 4332 833 2781 1584 3472 2321 4008 948 1134 361 1829 2318 2504 1178 2391 2412 4795 672 1392 1448 3426 1935 3374 170 2163 1080 3207 1125 3518 453 2321 2086 3459 894 1762 1226 2300 585 1161 964 3316 609 820 1491 2817 1219 3291 1994 3292 1074 2655 734 1219 1974 2956 1996 2173 519 2370 1704 3154 580 2528 1477 1888 1314 1553 1228 2078 579 2092 757 2000 14 1676 394 1879 312 2531 2007 2659 230 2640 709 728 616 1577 2226 3276 710 2763 1263 2003 687 2085 554 1576 1382 2610 2339 2963 1155 3359 1733 2147 523 924 657 1548 1716 1778 1068 1646 115 1303 1171 2612 1903 2425 2449 3772 787 792 2328 3063 164 751 548 2667 266 786 2213 3492 258 1449 1076 1426 1912 2207 169 833 2275 4232 888 2271 814 2429 463 746 506 645 268 1560 2194 2224 1256 2878 2146 3207 244 817 2410 3108 971 1544 506 2878 225 1094 1807 2939 1918 3629 1845 1997 12 1071 1683 4069 576 2845 1917 2175 2428 3282 676 1961 2095 2761 794 2208 1724 1724 1465 1688 2457 3041 1013 3482 540 2082 162 259 692 1829 1234 2317 411 2637 201 1434 1519 2377 468 1610 1648 2391 405 1902 569 1597 1842 2194 2115 2823 1955 3333 1623 2967 366 2123 1090 2055 1670 2808 479 2189 2443 3213 502 2114 5 558 553 1692 1855 4229 1904 2321 513 1988 618 987 551 1244 1782 2504 1570 3514 192 1995 28 2483 1534 2409 2014 2620 1075 2009 1266 3387 1963 3969 1887 3945 1356 2840 1659 4087 49 1688 2279 3390 650 1910 838 2749 2387 3060 2128 3116 134 1894 466 1471 2336 2663 695 1205 2484 3700 1181 2405 1909 1968 658 1173 973 1658 1147 1526 134 1676 1556 1967 2220 2839 654 2510 1802 2719 845 3004 3 861 793 3251 2369 4390 613 1966 822 3040 1147 3250 2017 2229 1743 3256 1560 3394 1703 2837 836 1821 2052 3342 2406 2421 1051 1386 354 577 1959 4076 2413 3003 1690 2872 197 1591 1515 1602 2420 4750 712 843 1541 3304 522 925 1185 1847 2151 3278 174 1082 814 1264 1102 3534 141 1800 1315 3405 1347 3756 110 1501 694 2894 46 934 2 1304 992 2716 516 1434 2481 4547 254 1876 2340 2914 1259 1812 424 1091 851 2810 742 2464 1684 2638 2102 2908 576 1119 2239 2618 952 3038 1667 2924 2450 3265 1972 2934 96 129 720 2437 1276 1485 1060 2510 2119 3195 2291 3210 822 2076 1804 3701 1685 1716 
500
662
2991
820
1596
769
4456
3711
3395
2165
745
3342
217
3241
1498
3994
1512
1630
3162
4644
2277
3147
3050
2727
284
215
2339
108
2679
1969
1680
4411
4326
3799
2782
880
2256
3170
3655
218
2839
3290
2038
2059
2658
931
1550
4972
4211
692
2867
977
585
47
1449
1476
1073
178
1187
3041
829
3898
1732
3309
3254
3110
4466
2708
2238
4399
1736
4838
2670
4546
1162
4741
4182
1126
1763
725
3179
3785
539
1584
2178
2250
613
1549
3
1026
4356
1828
1097
1317
4837
3721
3925
1910
3223
1835
3802
2220
3983
4360
2356
2079
80
2847
4426
4838
1656
2497
1162
3441
766
1340
3219
3078
312
3342
1398
4963
4577
4995
1390
3126
3966
818
30
4036
4593
522
2697
4660
2999
1557
1429
3280
2261
646
4737
559
3688
3556
3582
2065
1105
1555
3185
3441
4719
3619
4678
2912
1390
2879
3256
811
4253
2045
1925
4987
3069
3229
4575
4333
4406
119
3517
4030
1468
3045
3576
4477
4862
1858
1545
373
687
3031
1256
501
3901
2896
1823
4061
2679
2047
3573
4071
3652
4044
2502
72
2654
87
2759
3738
3646
4476
4992
527
3385
3706
2779
1788
2319
3928
2512
3743
1836
1820
1323
135
4640
1322
365
471
2785
3029
4486
4966
3792
3069
2157
3414
4049
733
2302
2558
4915
1311
2226
2607
4728
3495
157
1615
4895
4481
4080
3997
3685
3823
2846
3515
3202
2579
4420
2217
3071
3126
1426
4667
125
1098
1030
2609
1504
730
3631
407
1483
3132
3335
280
317
576
1610
3028
4082
4560
1891
3675
964
4372
862
3293
4736
473
3952
431
4605
4709
2474
484
1318
3273
2509
4782
2657
4579
1543
1023
4072
3672
4883
1785
2637
842
4575
3845
139
3659
671
2092
1687
2071
4951
928
2861
3815
1261
2510
463
3711
2293
491
3897
1445
894
2216
3567
92
4194
1643
4415
205
1314
2539
4227
3217
576
3120
3831
2518
198
2420
3114
323
1004
2954
1695
4121
4223
1290
1906
2136
925
3973
2064
2691
3029
3699
3903
1113
2562
991
3500
3649
1641
1564
1748
713
1280
4647
1146
4499
886
3912
3495
1893
1010
2566
368
3907
2291
445
2545
1291
4982
1103
3183
1237
446
2076
4628
2957
4382
4199
523
4350
1970
3808
171
4469
2844
4687
2288
4535
3762
4611
4812
2376
3876
4335
925
2665
1539
622
1257
1749
2773
3683
4796
760
1829
751
3666
789
1648
3775
184
1754
3938
1689
1756
3674
1055
588
3117
3815
997
970
2636
1705
1566
1291
66
3976
3700
3670
2140
2674
2621
414
1882
3745
1934
583
4349
3828
2316
4259
4334
1776
4926
1742
3803
2523
3693
3210
1804
4742
845
1192
1044
3748
4798
780
619
2594
315
1139
2000
45
3907
924
2012
3507
1774
2368
2914
735
1807
1447
82
349
1880
4928
372
2525
3412
4437
2938
7
2581
2777
191
2996
525

150
509 509 813 813 279 279 330 820 790 909 457 1257 1159 1839 433 1215 947 1977 1193 1522 488 1693 471 1078 254 1282 941 1904 1129 2197 373 927 493 1502 754 1388 375 487 526 1066 933 1135 912 1508 733 1109 1012 1988 535 826 321 415 159 1271 660 1083 1100 1702 1221 1886 888 1519 242 1244 1026 1806 635 744 673 1304 1072 1644 35 306 737 828 1219 2118 239 1055 933 1810 97 961 915 1401 1241 1366 879 1161 52 1073 299 707 340 1156 270 300 184 216 637 1698 24 51 798 1385 463 1047 568 1508 881 1324 729 1421 648 1143 916 1205 502 749 335 1218 28 923 750 885 894 1069 640 985 1234 1307 889 1473 390 1104 162 1230 470 1185 663 1816 732 1761 402 682 528 1068 1037 1207 211 1303 1044 1658 1180 2343 976 1600 456 1681 281 1137 372 1252 534 758 1100 2283 743 1044 145 1341 89 841 1168 1404 572 1151 1066 1662 647 804 114 639 1123 1937 555 1042 1243 1420 396 1129 1130 1910 1201 2017 507 1742 344 1337 269 878 944 1552 915 977 943 2074 862 1004 921 1776 428 1327 859 1401 901 2148 1212 2264 1069 2020 896 2056 182 452 925 2104 800 965 340 917 589 606 824 1978 1074 1257 40 446 380 586 1102 1686 1154 2042 850 1070 431 1481 47 1188 157 1235 1008 2255 1207 2053 1229 1640 929 2118 796 1604 1242 2363 518 854 933 1718 886 1884 793 1701 608 1631 1070 1428 1043 1156 1015 2229 133 903 134 1269 850 2013 1205 1992 277 1159 739 903 155 608 102 396 1043 1380 
80
509
2137
1997
933
269
190
1680
1588
1707
2268
1338
1146
1171
1177
1051
444
1067
8
1660
1412
1630
2230
1492
148
1852
699
270
656
1440
777
1509
250
1429
548
983
1603
1638
2149
719
2315
1450
1904
2493
1670
1364
1848
2445
294
2216
493
1589
1908
13
661
2007
1942
84
2021
2178
759
1610
1341
796
811
913
1667
1907
1799
1360
1205
1146
1977
1897
2089
32
1052
1612
1433
1843
279

200
206 1384 256 1942 754 1926 804 2213 988 1799 1038 2149 459 592 509 1546 78 188 128 1344 1141 1410 1191 1955 959 1537 1009 2018 452 1508 502 2004 1121 2296 1171 2398 236 786 286 1643 1224 1749 1274 2124 298 687 348 1593 36 243 86 1371 156 1138 206 1819 710 1890 760 2195 1012 1653 1062 2076 448 1679 498 2089 1240 2259 1290 2379 292 379 342 1439 893 970 943 1735 7 971 57 1735 917 1175 967 1837 1233 2358 1283 2429 868 1193 918 1846 324 574 374 1537 1085 2177 1135 2338 576 918 626 1709 248 1095 298 1797 863 917 913 1708 1143 1727 1193 2113 993 1829 1043 2164 571 1816 621 2158 556 668 606 1584 1127 1242 1177 1871 614 1464 664 1982 415 1018 465 1759 924 1436 974 1968 368 955 418 1727 635 1191 685 1845 814 1398 864 1949 841 1430 891 1965 1159 1622 1209 2061 690 1538 740 2019 792 829 842 1664 422 1652 472 2076 1060 1737 1110 2118 1093 1354 1143 1927 593 1702 643 2101 903 1006 953 1753 981 1350 1031 1925 306 515 356 1507 621 1087 671 1793 242 338 292 1419 267 587 317 1543 828 1530 878 2015 509 1181 559 1840 145 463 195 1481 1181 1744 1231 2122 861 1503 911 2001 945 1273 995 1886 535 1227 585 1863 387 1553 437 2026 1030 1110 1080 1805 801 1552 851 2026 784 1044 834 1772 62 301 112 1400 757 1348 807 1924 643 1146 693 1823 54 886 104 1693 1046 1543 1096 2021 166 171 216 1335 169 1357 219 1928 837 1860 887 2180 1247 1830 1297 2165 1225 1238 1275 1869 188 878 238 1689 817 1982 867 2241 673 1179 723 1839 191 233 241 1366 414 417 464 1458 726 1294 776 1897 1139 2382 1189 2441 791 919 841 1709 805 1507 855 2003 127 1190 177 1845 509 1458 559 1979 493 663 543 1581 32 497 82 1498 731 966 781 1733 725 1434 775 1967 451 979 501 1739 633 1668 683 2084 368 829 418 1664 1243 2171 1293 2335 732 1502 782 2001 1086 1577 1136 2038 1116 1983 1166 2241 461 890 511 1695 751 1410 801 1955 555 733 605 1616 
150
920
2435
1973
2123
1983
1854
1168
1921
2052
1052
1554
325
1149
1661
888
337
181
337
1501
291
892
2068
1031
1571
665
2308
2198
2291
2053
299
1050
1728
838
1098
50
1
2258
1411
549
310
1393
840
568
1442
592
111
1174
1534
1739
1799
257
805
1039
510
129
1192
1010
503
1172
287
1275
349
87
207
761
1063
499
1291
343
944
58
968
1284
919
375
1136
627
299
914
1194
1044
622
607
1178
665
466
975
419
686
865
892
1210
741
843
473
1111
1144
644
954
1032
357
672
293
318
879
560
196
1232
912
996
586
438
1081
852
835
113
808
694
105
1097
217
220
888
1298
1276
239
868
724
242
465
777
1190
842
856
178
560
544
83
782
776
502
684
419
1294
783
1137
1167
512
802
606

150
956 1716 560 956 135 839 428 1312 779 935 700 974 928 2058 1043 2053 754 1224 262 1002 119 512 349 1190 933 1220 988 2102 259 299 1107 1304 1088 1140 564 971 688 1376 490 683 160 1397 1016 1720 987 2027 810 1159 723 1951 462 957 775 1886 852 1356 713 1037 1063 2009 614 1521 287 396 544 617 495 721 466 1709 495 578 967 1293 338 479 251 518 339 1486 754 1841 203 744 975 2110 1113 1667 394 968 1158 1604 781 1878 1204 1413 164 1308 169 1241 506 1685 1030 1822 393 1199 1160 1459 1169 1600 968 1655 757 1918 441 655 946 1432 286 1166 1119 1772 737 1805 898 1008 201 311 1007 1666 773 1540 1116 1646 474 779 354 1109 578 1282 952 1355 774 831 1224 2298 722 1710 1069 2022 814 1321 424 1543 348 1212 324 373 1100 2075 961 1077 407 679 487 559 1113 2191 43 221 1107 2013 713 1160 1210 2074 137 916 2 661 416 694 564 1526 413 723 1226 1864 138 329 720 1618 910 1524 181 310 630 1439 500 1126 670 1591 1233 2060 279 744 1155 2061 688 1188 609 1842 718 940 895 1123 698 1897 1231 1307 129 1033 102 1017 1057 1977 500 523 100 1200 598 1559 419 627 288 815 360 1469 1237 1893 256 662 74 298 1237 2466 707 1480 601 1564 945 1519 842 1914 653 1520 478 730 197 915 264 810 168 1038 987 1505 218 926 63 712 869 955 201 1403 461 914 1241 1614 397 1568 1223 1557 1121 1969 702 998 722 1161 879 939 117 399 244 413 176 1067 54 1251 353 387 
80
956
1371
1845
2354
662
1498
1560
1419
1772
2373
2016
556
2323
224
1710
571
1538
2097
11
2197
474
252
2211
294
2440
1251
371
1163
1005
964
482
728
179
1859
1290
1520
1725
2442
1442
2274
74
2150
316
2426
1332
1256
1976
2405
809
1370
2087
310
632
2005
1606
621
1936
1956
1764
22
1797
1995
2183
60
64
442
855
348
1653
2304
712
1506
2178
1808
77
1950
299
1091
2171
1976

