6
10
31 80 27 52 37 83 13 37 13 30 37 74 41 58 43 67 6 26 17 20 
5
3
59
37
72
59

25
92 114 109 128 83 104 34 83 56 62 98 166 116 179 2 49 123 147 41 80 30 102 119 180 61 77 20 61 8 112 30 153 78 125 22 100 112 223 43 150 46 85 77 155 124 179 71 183 99 188 
25
114
167
44
22
189
38
29
90
208
114
195
104
94
26
207
25
173
79
105
33
19
31
198
72
151

50
1 500 500 500 72 271 84 279 218 446 131 346 202 303 33 98 36 167 52 216 163 301 45 261 51 152 203 340 6 167 79 322 44 124 232 449 153 335 111 159 8 211 160 187 108 214 234 251 23 190 71 99 238 366 59 181 71 210 144 179 244 297 50 136 122 271 226 395 167 317 249 280 129 232 247 319 55 195 212 217 133 315 2 192 141 301 2 185 242 477 46 229 204 399 248 260 244 281 9 103 
50
497
394
400
434
114
8
298
264
316
445
370
199
405
480
244
192
416
293
433
256
483
310
1
29
208
382
205
446
436
36
30
44
450
230
9
120
212
369
168
25
273
176
240
439
407
254
449
193
199
446

15
173 173 45 45 154 154 128 156 66 205 1 40 131 227 114 186 163 295 69 234 193 323 17 32 42 89 180 339 189 227 
8
173
320
175
267
365
112
158
154

20
185 213 235 306 30 99 80 249 4 42 54 221 146 321 196 360 56 184 106 292 120 238 170 319 85 211 135 305 175 183 225 291 118 187 168 293 106 275 156 337 
15
231
43
148
353
354
236
81
55
197
107
171
136
226
169
157

15
134 155 38 134 6 106 155 303 110 111 167 240 129 220 102 244 186 348 56 71 174 234 120 211 30 58 8 54 72 243 
8
134
289
204
70
236
100
65
299

