6
10
20 23 41 64 15 26 18 31 35 73 26 57 3 33 9 55 37 48 15 29 
5
89
52
54
11
37

25
18 66 38 114 104 135 85 135 96 110 48 145 85 114 69 145 78 182 38 153 111 138 16 107 46 148 87 172 87 167 101 150 78 107 33 109 83 134 18 39 2 109 46 117 93 197 37 127 20 59 
25
109
136
191
91
159
62
93
232
50
73
81
158
107
142
123
16
96
17
198
89
90
179
124
162
184

50
1 500 500 500 48 58 119 178 105 253 43 157 86 168 60 61 176 261 4 77 41 245 142 149 188 410 31 141 3 204 125 312 66 297 135 153 13 216 205 278 166 269 68 86 64 92 126 155 144 369 192 434 112 318 156 344 172 374 192 408 106 125 98 336 102 276 152 163 173 221 185 276 43 169 198 210 67 238 165 378 217 459 165 198 58 212 66 186 199 400 41 66 246 468 221 352 159 239 1 145 
50
429
33
16
375
336
377
27
124
429
361
46
399
399
484
145
63
238
180
492
169
128
284
325
437
130
218
328
224
321
129
181
143
457
191
107
327
210
403
118
174
218
312
196
118
71
473
206
233
329
28

15
150 150 34 34 77 77 106 187 14 199 1 110 94 179 74 182 157 264 14 42 106 205 112 180 118 203 63 88 44 231 
8
150
103
279
285
268
70
211
77

20
167 218 217 309 101 170 151 285 129 255 179 327 94 97 144 248 61 207 111 303 101 221 151 310 187 367 237 383 52 103 102 251 70 176 120 288 62 130 112 265 
15
14
72
352
145
49
218
152
180
145
112
152
238
103
121
113

15
299 426 31 299 174 262 18 126 144 294 197 334 147 204 126 307 190 324 112 277 85 97 66 82 97 202 172 354 102 201 
8
299
357
368
74
307
99
130
381

