6
10
34 37 43 48 24 36 3 15 31 56 22 62 19 59 25 72 48 85 20 21 
5
67
13
99
42
6

25
28 69 33 111 13 58 14 117 103 151 4 73 85 110 76 117 103 135 8 35 63 110 123 232 68 165 11 97 43 145 84 135 118 146 120 140 76 111 19 100 107 141 66 147 109 126 84 129 112 204 
25
65
43
64
39
184
114
86
135
85
146
161
106
40
1
57
6
83
248
38
236
21
115
96
8
8

50
1 500 500 500 75 197 137 360 92 126 163 222 77 140 55 277 196 399 29 91 27 84 8 138 112 123 221 455 139 188 170 223 9 117 24 32 23 119 60 270 59 89 142 343 228 383 241 410 127 330 78 177 108 130 98 200 189 195 178 232 207 445 26 118 4 224 62 265 198 431 154 158 187 355 168 409 139 209 108 285 138 328 120 151 103 327 1 155 84 191 184 218 78 265 16 200 233 244 74 107 
50
117
446
116
1
345
408
240
2
381
213
98
260
85
38
186
17
148
300
225
296
55
467
247
381
343
67
329
493
134
428
403
307
374
367
422
495
473
338
485
102
8
186
39
49
431
155
127
390
291
434

15
152 152 132 132 76 76 36 130 178 197 61 242 51 102 185 318 167 222 194 293 138 234 40 233 10 187 14 130 150 335 
8
152
185
271
265
28
236
308
76

20
70 269 120 334 62 208 112 304 126 300 176 350 21 189 71 294 172 280 222 340 52 144 102 272 66 263 116 331 136 144 186 272 77 232 127 316 168 329 218 364 
15
330
60
347
238
364
121
113
177
72
223
103
117
187
128
219

15
232 371 54 232 110 122 151 172 130 297 102 139 132 185 199 395 145 207 110 189 185 341 81 268 51 208 1 21 160 204 
8
232
59
67
7
219
285
163
80

